2023/07/03-22:38:36.916524 7fb863320cc0 RocksDB version: 6.17.0
2023/07/03-22:38:36.916784 7fb863320cc0 Git sha 0
2023/07/03-22:38:36.916956 7fb863320cc0 DB SUMMARY
2023/07/03-22:38:36.916960 7fb863320cc0 DB Session ID:  H0QSLSFQADGJWEIR94WW
2023/07/03-22:38:36.917026 7fb863320cc0 CURRENT file:  CURRENT
2023/07/03-22:38:36.917028 7fb863320cc0 IDENTITY file:  IDENTITY
2023/07/03-22:38:36.917032 7fb863320cc0 MANIFEST file:  MANIFEST-000003 size: 3987 Bytes
2023/07/03-22:38:36.917033 7fb863320cc0 SST files in /home/kshivara/ic-projects/dbank/.dfx/state/replicated_state/node-100/ic_consensus_pool/consensus dir, Total Num: 11, files: 000033.sst 000035.sst 000038.sst 000040.sst 000042.sst 000045.sst 000048.sst 000050.sst 000053.sst 
2023/07/03-22:38:36.917034 7fb863320cc0 Write Ahead Log file in /home/kshivara/ic-projects/dbank/.dfx/state/replicated_state/node-100/ic_consensus_pool/consensus: 000004.log size: 343233 ; 000031.log size: 2342 ; 000036.log size: 2115 ; 000043.log size: 227 ; 000046.log size: 2342 ; 000051.log size: 18729956 ; 
2023/07/03-22:38:36.917036 7fb863320cc0                         Options.error_if_exists: 0
2023/07/03-22:38:36.917037 7fb863320cc0                       Options.create_if_missing: 1
2023/07/03-22:38:36.917038 7fb863320cc0                         Options.paranoid_checks: 1
2023/07/03-22:38:36.917039 7fb863320cc0                               Options.track_and_verify_wals_in_manifest: 0
2023/07/03-22:38:36.917040 7fb863320cc0                                     Options.env: 0x55bb1447c380
2023/07/03-22:38:36.917041 7fb863320cc0                                      Options.fs: Posix File System
2023/07/03-22:38:36.917042 7fb863320cc0                                Options.info_log: 0x55bb4def0fa0
2023/07/03-22:38:36.917043 7fb863320cc0                Options.max_file_opening_threads: 16
2023/07/03-22:38:36.917043 7fb863320cc0                              Options.statistics: (nil)
2023/07/03-22:38:36.917044 7fb863320cc0                               Options.use_fsync: 1
2023/07/03-22:38:36.917045 7fb863320cc0                       Options.max_log_file_size: 0
2023/07/03-22:38:36.917046 7fb863320cc0                  Options.max_manifest_file_size: 1073741824
2023/07/03-22:38:36.917047 7fb863320cc0                   Options.log_file_time_to_roll: 0
2023/07/03-22:38:36.917048 7fb863320cc0                       Options.keep_log_file_num: 1000
2023/07/03-22:38:36.917049 7fb863320cc0                    Options.recycle_log_file_num: 0
2023/07/03-22:38:36.917050 7fb863320cc0                         Options.allow_fallocate: 1
2023/07/03-22:38:36.917050 7fb863320cc0                        Options.allow_mmap_reads: 0
2023/07/03-22:38:36.917051 7fb863320cc0                       Options.allow_mmap_writes: 0
2023/07/03-22:38:36.917052 7fb863320cc0                        Options.use_direct_reads: 0
2023/07/03-22:38:36.917053 7fb863320cc0                        Options.use_direct_io_for_flush_and_compaction: 0
2023/07/03-22:38:36.917054 7fb863320cc0          Options.create_missing_column_families: 1
2023/07/03-22:38:36.917055 7fb863320cc0                              Options.db_log_dir: 
2023/07/03-22:38:36.917055 7fb863320cc0                                 Options.wal_dir: /home/kshivara/ic-projects/dbank/.dfx/state/replicated_state/node-100/ic_consensus_pool/consensus
2023/07/03-22:38:36.917056 7fb863320cc0                Options.table_cache_numshardbits: 6
2023/07/03-22:38:36.917057 7fb863320cc0                         Options.WAL_ttl_seconds: 0
2023/07/03-22:38:36.917058 7fb863320cc0                       Options.WAL_size_limit_MB: 0
2023/07/03-22:38:36.917059 7fb863320cc0                        Options.max_write_batch_group_size_bytes: 1048576
2023/07/03-22:38:36.917060 7fb863320cc0             Options.manifest_preallocation_size: 4194304
2023/07/03-22:38:36.917060 7fb863320cc0                     Options.is_fd_close_on_exec: 1
2023/07/03-22:38:36.917061 7fb863320cc0                   Options.advise_random_on_open: 1
2023/07/03-22:38:36.917062 7fb863320cc0                    Options.db_write_buffer_size: 0
2023/07/03-22:38:36.917063 7fb863320cc0                    Options.write_buffer_manager: 0x55bb4def1510
2023/07/03-22:38:36.917094 7fb863320cc0         Options.access_hint_on_compaction_start: 1
2023/07/03-22:38:36.917097 7fb863320cc0  Options.new_table_reader_for_compaction_inputs: 0
2023/07/03-22:38:36.917098 7fb863320cc0           Options.random_access_max_buffer_size: 1048576
2023/07/03-22:38:36.917099 7fb863320cc0                      Options.use_adaptive_mutex: 0
2023/07/03-22:38:36.917100 7fb863320cc0                            Options.rate_limiter: (nil)
2023/07/03-22:38:36.917101 7fb863320cc0     Options.sst_file_manager.rate_bytes_per_sec: 0
2023/07/03-22:38:36.917102 7fb863320cc0                       Options.wal_recovery_mode: 2
2023/07/03-22:38:36.917103 7fb863320cc0                  Options.enable_thread_tracking: 0
2023/07/03-22:38:36.917104 7fb863320cc0                  Options.enable_pipelined_write: 0
2023/07/03-22:38:36.917105 7fb863320cc0                  Options.unordered_write: 0
2023/07/03-22:38:36.917106 7fb863320cc0         Options.allow_concurrent_memtable_write: 1
2023/07/03-22:38:36.917106 7fb863320cc0      Options.enable_write_thread_adaptive_yield: 1
2023/07/03-22:38:36.917107 7fb863320cc0             Options.write_thread_max_yield_usec: 100
2023/07/03-22:38:36.917108 7fb863320cc0            Options.write_thread_slow_yield_usec: 3
2023/07/03-22:38:36.917109 7fb863320cc0                               Options.row_cache: None
2023/07/03-22:38:36.917110 7fb863320cc0                              Options.wal_filter: None
2023/07/03-22:38:36.917111 7fb863320cc0             Options.avoid_flush_during_recovery: 0
2023/07/03-22:38:36.917112 7fb863320cc0             Options.allow_ingest_behind: 0
2023/07/03-22:38:36.917113 7fb863320cc0             Options.preserve_deletes: 0
2023/07/03-22:38:36.917113 7fb863320cc0             Options.two_write_queues: 0
2023/07/03-22:38:36.917114 7fb863320cc0             Options.manual_wal_flush: 0
2023/07/03-22:38:36.917115 7fb863320cc0             Options.atomic_flush: 0
2023/07/03-22:38:36.917116 7fb863320cc0             Options.avoid_unnecessary_blocking_io: 0
2023/07/03-22:38:36.917117 7fb863320cc0                 Options.persist_stats_to_disk: 0
2023/07/03-22:38:36.917117 7fb863320cc0                 Options.write_dbid_to_manifest: 0
2023/07/03-22:38:36.917118 7fb863320cc0                 Options.log_readahead_size: 0
2023/07/03-22:38:36.917119 7fb863320cc0                 Options.file_checksum_gen_factory: Unknown
2023/07/03-22:38:36.917120 7fb863320cc0                 Options.best_efforts_recovery: 0
2023/07/03-22:38:36.917121 7fb863320cc0                Options.max_bgerror_resume_count: 2147483647
2023/07/03-22:38:36.917122 7fb863320cc0            Options.bgerror_resume_retry_interval: 1000000
2023/07/03-22:38:36.917123 7fb863320cc0             Options.allow_data_in_errors: 0
2023/07/03-22:38:36.917123 7fb863320cc0             Options.db_host_id: __hostname__
2023/07/03-22:38:36.917124 7fb863320cc0             Options.max_background_jobs: 2
2023/07/03-22:38:36.917125 7fb863320cc0             Options.max_background_compactions: -1
2023/07/03-22:38:36.917126 7fb863320cc0             Options.max_subcompactions: 1
2023/07/03-22:38:36.917127 7fb863320cc0             Options.avoid_flush_during_shutdown: 0
2023/07/03-22:38:36.917128 7fb863320cc0           Options.writable_file_max_buffer_size: 1048576
2023/07/03-22:38:36.917129 7fb863320cc0             Options.delayed_write_rate : 16777216
2023/07/03-22:38:36.917129 7fb863320cc0             Options.max_total_wal_size: 0
2023/07/03-22:38:36.917130 7fb863320cc0             Options.delete_obsolete_files_period_micros: 21600000000
2023/07/03-22:38:36.917131 7fb863320cc0                   Options.stats_dump_period_sec: 600
2023/07/03-22:38:36.917132 7fb863320cc0                 Options.stats_persist_period_sec: 600
2023/07/03-22:38:36.917133 7fb863320cc0                 Options.stats_history_buffer_size: 1048576
2023/07/03-22:38:36.917134 7fb863320cc0                          Options.max_open_files: -1
2023/07/03-22:38:36.917135 7fb863320cc0                          Options.bytes_per_sync: 0
2023/07/03-22:38:36.917145 7fb863320cc0                      Options.wal_bytes_per_sync: 0
2023/07/03-22:38:36.917146 7fb863320cc0                   Options.strict_bytes_per_sync: 0
2023/07/03-22:38:36.917147 7fb863320cc0       Options.compaction_readahead_size: 0
2023/07/03-22:38:36.917147 7fb863320cc0                  Options.max_background_flushes: -1
2023/07/03-22:38:36.917148 7fb863320cc0 Compression algorithms supported:
2023/07/03-22:38:36.917150 7fb863320cc0 	kZSTDNotFinalCompression supported: 1
2023/07/03-22:38:36.917154 7fb863320cc0 	kZSTD supported: 1
2023/07/03-22:38:36.917155 7fb863320cc0 	kXpressCompression supported: 0
2023/07/03-22:38:36.917156 7fb863320cc0 	kLZ4HCCompression supported: 1
2023/07/03-22:38:36.917157 7fb863320cc0 	kLZ4Compression supported: 1
2023/07/03-22:38:36.917158 7fb863320cc0 	kBZip2Compression supported: 1
2023/07/03-22:38:36.917159 7fb863320cc0 	kZlibCompression supported: 1
2023/07/03-22:38:36.917160 7fb863320cc0 	kSnappyCompression supported: 1
2023/07/03-22:38:36.917163 7fb863320cc0 Fast CRC32 supported: Supported on x86
2023/07/03-22:38:37.073429 7fb863320cc0 [db/version_set.cc:4758] Recovering from manifest file: /home/kshivara/ic-projects/dbank/.dfx/state/replicated_state/node-100/ic_consensus_pool/consensus/MANIFEST-000003
2023/07/03-22:38:37.074040 7fb863320cc0 [db/column_family.cc:595] --------------- Options for column family [default]:
2023/07/03-22:38:37.074048 7fb863320cc0               Options.comparator: leveldb.BytewiseComparator
2023/07/03-22:38:37.074051 7fb863320cc0           Options.merge_operator: None
2023/07/03-22:38:37.074053 7fb863320cc0        Options.compaction_filter: None
2023/07/03-22:38:37.074055 7fb863320cc0        Options.compaction_filter_factory: None
2023/07/03-22:38:37.074057 7fb863320cc0  Options.sst_partitioner_factory: None
2023/07/03-22:38:37.074059 7fb863320cc0         Options.memtable_factory: SkipListFactory
2023/07/03-22:38:37.074061 7fb863320cc0            Options.table_factory: BlockBasedTable
2023/07/03-22:38:37.074126 7fb863320cc0            table_factory options:   flush_block_policy_factory: FlushBlockBySizePolicyFactory (0x55bb4deed160)
  cache_index_and_filter_blocks: 0
  cache_index_and_filter_blocks_with_high_priority: 1
  pin_l0_filter_and_index_blocks_in_cache: 0
  pin_top_level_index_and_filter: 1
  index_type: 0
  data_block_index_type: 0
  index_shortening: 1
  data_block_hash_table_util_ratio: 0.750000
  hash_index_allow_collision: 1
  checksum: 1
  no_block_cache: 0
  block_cache: 0x55bb4deed1b0
  block_cache_name: LRUCache
  block_cache_options:
    capacity : 8388608
    num_shard_bits : 4
    strict_capacity_limit : 0
    memory_allocator : None
    high_pri_pool_ratio: 0.000
  block_cache_compressed: (nil)
  persistent_cache: (nil)
  block_size: 4096
  block_size_deviation: 10
  block_restart_interval: 16
  index_block_restart_interval: 1
  metadata_block_size: 4096
  partition_filters: 0
  use_delta_encoding: 1
  filter_policy: nullptr
  whole_key_filtering: 1
  verify_compression: 0
  read_amp_bytes_per_bit: 0
  format_version: 4
  enable_index_compression: 1
  block_align: 0
2023/07/03-22:38:37.074132 7fb863320cc0        Options.write_buffer_size: 67108864
2023/07/03-22:38:37.074134 7fb863320cc0  Options.max_write_buffer_number: 2
2023/07/03-22:38:37.074136 7fb863320cc0          Options.compression: Snappy
2023/07/03-22:38:37.074138 7fb863320cc0                  Options.bottommost_compression: Disabled
2023/07/03-22:38:37.074140 7fb863320cc0       Options.prefix_extractor: nullptr
2023/07/03-22:38:37.074142 7fb863320cc0   Options.memtable_insert_with_hint_prefix_extractor: nullptr
2023/07/03-22:38:37.074144 7fb863320cc0             Options.num_levels: 7
2023/07/03-22:38:37.074146 7fb863320cc0        Options.min_write_buffer_number_to_merge: 1
2023/07/03-22:38:37.074148 7fb863320cc0     Options.max_write_buffer_number_to_maintain: 0
2023/07/03-22:38:37.074150 7fb863320cc0     Options.max_write_buffer_size_to_maintain: 0
2023/07/03-22:38:37.074151 7fb863320cc0            Options.bottommost_compression_opts.window_bits: -14
2023/07/03-22:38:37.074234 7fb863320cc0                  Options.bottommost_compression_opts.level: 32767
2023/07/03-22:38:37.074241 7fb863320cc0               Options.bottommost_compression_opts.strategy: 0
2023/07/03-22:38:37.074243 7fb863320cc0         Options.bottommost_compression_opts.max_dict_bytes: 0
2023/07/03-22:38:37.074244 7fb863320cc0         Options.bottommost_compression_opts.zstd_max_train_bytes: 0
2023/07/03-22:38:37.074246 7fb863320cc0         Options.bottommost_compression_opts.parallel_threads: 1
2023/07/03-22:38:37.074248 7fb863320cc0                  Options.bottommost_compression_opts.enabled: false
2023/07/03-22:38:37.074250 7fb863320cc0            Options.compression_opts.window_bits: -14
2023/07/03-22:38:37.074252 7fb863320cc0                  Options.compression_opts.level: 32767
2023/07/03-22:38:37.074254 7fb863320cc0               Options.compression_opts.strategy: 0
2023/07/03-22:38:37.074256 7fb863320cc0         Options.compression_opts.max_dict_bytes: 0
2023/07/03-22:38:37.074258 7fb863320cc0         Options.compression_opts.zstd_max_train_bytes: 0
2023/07/03-22:38:37.074260 7fb863320cc0         Options.compression_opts.parallel_threads: 1
2023/07/03-22:38:37.074261 7fb863320cc0                  Options.compression_opts.enabled: false
2023/07/03-22:38:37.074263 7fb863320cc0      Options.level0_file_num_compaction_trigger: 4
2023/07/03-22:38:37.074265 7fb863320cc0          Options.level0_slowdown_writes_trigger: 20
2023/07/03-22:38:37.074267 7fb863320cc0              Options.level0_stop_writes_trigger: 36
2023/07/03-22:38:37.074269 7fb863320cc0                   Options.target_file_size_base: 67108864
2023/07/03-22:38:37.074271 7fb863320cc0             Options.target_file_size_multiplier: 1
2023/07/03-22:38:37.074272 7fb863320cc0                Options.max_bytes_for_level_base: 268435456
2023/07/03-22:38:37.074274 7fb863320cc0 Options.level_compaction_dynamic_level_bytes: 0
2023/07/03-22:38:37.074276 7fb863320cc0          Options.max_bytes_for_level_multiplier: 10.000000
2023/07/03-22:38:37.074280 7fb863320cc0 Options.max_bytes_for_level_multiplier_addtl[0]: 1
2023/07/03-22:38:37.074283 7fb863320cc0 Options.max_bytes_for_level_multiplier_addtl[1]: 1
2023/07/03-22:38:37.074285 7fb863320cc0 Options.max_bytes_for_level_multiplier_addtl[2]: 1
2023/07/03-22:38:37.074286 7fb863320cc0 Options.max_bytes_for_level_multiplier_addtl[3]: 1
2023/07/03-22:38:37.074288 7fb863320cc0 Options.max_bytes_for_level_multiplier_addtl[4]: 1
2023/07/03-22:38:37.074290 7fb863320cc0 Options.max_bytes_for_level_multiplier_addtl[5]: 1
2023/07/03-22:38:37.074292 7fb863320cc0 Options.max_bytes_for_level_multiplier_addtl[6]: 1
2023/07/03-22:38:37.074294 7fb863320cc0       Options.max_sequential_skip_in_iterations: 8
2023/07/03-22:38:37.074296 7fb863320cc0                    Options.max_compaction_bytes: 1677721600
2023/07/03-22:38:37.074297 7fb863320cc0                        Options.arena_block_size: 8388608
2023/07/03-22:38:37.074299 7fb863320cc0   Options.soft_pending_compaction_bytes_limit: 68719476736
2023/07/03-22:38:37.074301 7fb863320cc0   Options.hard_pending_compaction_bytes_limit: 274877906944
2023/07/03-22:38:37.074303 7fb863320cc0       Options.rate_limit_delay_max_milliseconds: 100
2023/07/03-22:38:37.074305 7fb863320cc0                Options.disable_auto_compactions: 0
2023/07/03-22:38:37.074349 7fb863320cc0                        Options.compaction_style: kCompactionStyleLevel
2023/07/03-22:38:37.074358 7fb863320cc0                          Options.compaction_pri: kMinOverlappingRatio
2023/07/03-22:38:37.074360 7fb863320cc0 Options.compaction_options_universal.size_ratio: 1
2023/07/03-22:38:37.074362 7fb863320cc0 Options.compaction_options_universal.min_merge_width: 2
2023/07/03-22:38:37.074364 7fb863320cc0 Options.compaction_options_universal.max_merge_width: 4294967295
2023/07/03-22:38:37.074366 7fb863320cc0 Options.compaction_options_universal.max_size_amplification_percent: 200
2023/07/03-22:38:37.074368 7fb863320cc0 Options.compaction_options_universal.compression_size_percent: -1
2023/07/03-22:38:37.074371 7fb863320cc0 Options.compaction_options_universal.stop_style: kCompactionStopStyleTotalSize
2023/07/03-22:38:37.074394 7fb863320cc0 Options.compaction_options_fifo.max_table_files_size: 1073741824
2023/07/03-22:38:37.074397 7fb863320cc0 Options.compaction_options_fifo.allow_compaction: 0
2023/07/03-22:38:37.074406 7fb863320cc0                   Options.table_properties_collectors: 
2023/07/03-22:38:37.074409 7fb863320cc0                   Options.inplace_update_support: 0
2023/07/03-22:38:37.074411 7fb863320cc0                 Options.inplace_update_num_locks: 10000
2023/07/03-22:38:37.074412 7fb863320cc0               Options.memtable_prefix_bloom_size_ratio: 0.000000
2023/07/03-22:38:37.074416 7fb863320cc0               Options.memtable_whole_key_filtering: 0
2023/07/03-22:38:37.074418 7fb863320cc0   Options.memtable_huge_page_size: 0
2023/07/03-22:38:37.074420 7fb863320cc0                           Options.bloom_locality: 0
2023/07/03-22:38:37.074421 7fb863320cc0                    Options.max_successive_merges: 0
2023/07/03-22:38:37.074423 7fb863320cc0                Options.optimize_filters_for_hits: 0
2023/07/03-22:38:37.074425 7fb863320cc0                Options.paranoid_file_checks: 0
2023/07/03-22:38:37.074427 7fb863320cc0                Options.force_consistency_checks: 1
2023/07/03-22:38:37.074429 7fb863320cc0                Options.report_bg_io_stats: 0
2023/07/03-22:38:37.074430 7fb863320cc0                               Options.ttl: 2592000
2023/07/03-22:38:37.074432 7fb863320cc0          Options.periodic_compaction_seconds: 0
2023/07/03-22:38:37.074434 7fb863320cc0                    Options.enable_blob_files: false
2023/07/03-22:38:37.074436 7fb863320cc0                        Options.min_blob_size: 0
2023/07/03-22:38:37.074438 7fb863320cc0                       Options.blob_file_size: 268435456
2023/07/03-22:38:37.074440 7fb863320cc0                Options.blob_compression_type: NoCompression
2023/07/03-22:38:37.074442 7fb863320cc0       Options.enable_blob_garbage_collection: false
2023/07/03-22:38:37.074443 7fb863320cc0   Options.blob_garbage_collection_age_cutoff: 0.250000
2023/07/03-22:38:37.644749 7fb863320cc0 [db/column_family.cc:595] --------------- Options for column family [RB]:
2023/07/03-22:38:37.644766 7fb863320cc0               Options.comparator: leveldb.BytewiseComparator
2023/07/03-22:38:37.644769 7fb863320cc0           Options.merge_operator: None
2023/07/03-22:38:37.644773 7fb863320cc0        Options.compaction_filter: filter_outdated
2023/07/03-22:38:37.644775 7fb863320cc0        Options.compaction_filter_factory: None
2023/07/03-22:38:37.644777 7fb863320cc0  Options.sst_partitioner_factory: None
2023/07/03-22:38:37.644779 7fb863320cc0         Options.memtable_factory: SkipListFactory
2023/07/03-22:38:37.644780 7fb863320cc0            Options.table_factory: BlockBasedTable
2023/07/03-22:38:37.644838 7fb863320cc0            table_factory options:   flush_block_policy_factory: FlushBlockBySizePolicyFactory (0x55bb4ded3360)
  cache_index_and_filter_blocks: 0
  cache_index_and_filter_blocks_with_high_priority: 1
  pin_l0_filter_and_index_blocks_in_cache: 0
  pin_top_level_index_and_filter: 1
  index_type: 0
  data_block_index_type: 0
  index_shortening: 1
  data_block_hash_table_util_ratio: 0.750000
  hash_index_allow_collision: 1
  checksum: 1
  no_block_cache: 0
  block_cache: 0x55bb4ded33b0
  block_cache_name: LRUCache
  block_cache_options:
    capacity : 8388608
    num_shard_bits : 4
    strict_capacity_limit : 0
    memory_allocator : None
    high_pri_pool_ratio: 0.000
  block_cache_compressed: (nil)
  persistent_cache: (nil)
  block_size: 4096
  block_size_deviation: 10
  block_restart_interval: 16
  index_block_restart_interval: 1
  metadata_block_size: 4096
  partition_filters: 0
  use_delta_encoding: 1
  filter_policy: nullptr
  whole_key_filtering: 1
  verify_compression: 0
  read_amp_bytes_per_bit: 0
  format_version: 4
  enable_index_compression: 1
  block_align: 0
2023/07/03-22:38:37.644855 7fb863320cc0        Options.write_buffer_size: 67108864
2023/07/03-22:38:37.644857 7fb863320cc0  Options.max_write_buffer_number: 2
2023/07/03-22:38:37.644975 7fb863320cc0          Options.compression: NoCompression
2023/07/03-22:38:37.644983 7fb863320cc0                  Options.bottommost_compression: Disabled
2023/07/03-22:38:37.644985 7fb863320cc0       Options.prefix_extractor: nullptr
2023/07/03-22:38:37.644987 7fb863320cc0   Options.memtable_insert_with_hint_prefix_extractor: nullptr
2023/07/03-22:38:37.644989 7fb863320cc0             Options.num_levels: 7
2023/07/03-22:38:37.644990 7fb863320cc0        Options.min_write_buffer_number_to_merge: 1
2023/07/03-22:38:37.644992 7fb863320cc0     Options.max_write_buffer_number_to_maintain: 0
2023/07/03-22:38:37.644994 7fb863320cc0     Options.max_write_buffer_size_to_maintain: 0
2023/07/03-22:38:37.644996 7fb863320cc0            Options.bottommost_compression_opts.window_bits: -14
2023/07/03-22:38:37.644998 7fb863320cc0                  Options.bottommost_compression_opts.level: 32767
2023/07/03-22:38:37.645000 7fb863320cc0               Options.bottommost_compression_opts.strategy: 0
2023/07/03-22:38:37.645002 7fb863320cc0         Options.bottommost_compression_opts.max_dict_bytes: 0
2023/07/03-22:38:37.645004 7fb863320cc0         Options.bottommost_compression_opts.zstd_max_train_bytes: 0
2023/07/03-22:38:37.645006 7fb863320cc0         Options.bottommost_compression_opts.parallel_threads: 1
2023/07/03-22:38:37.645008 7fb863320cc0                  Options.bottommost_compression_opts.enabled: false
2023/07/03-22:38:37.645009 7fb863320cc0            Options.compression_opts.window_bits: -14
2023/07/03-22:38:37.645012 7fb863320cc0                  Options.compression_opts.level: 32767
2023/07/03-22:38:37.645014 7fb863320cc0               Options.compression_opts.strategy: 0
2023/07/03-22:38:37.645015 7fb863320cc0         Options.compression_opts.max_dict_bytes: 0
2023/07/03-22:38:37.645017 7fb863320cc0         Options.compression_opts.zstd_max_train_bytes: 0
2023/07/03-22:38:37.645019 7fb863320cc0         Options.compression_opts.parallel_threads: 1
2023/07/03-22:38:37.645021 7fb863320cc0                  Options.compression_opts.enabled: false
2023/07/03-22:38:37.645023 7fb863320cc0      Options.level0_file_num_compaction_trigger: 4
2023/07/03-22:38:37.645025 7fb863320cc0          Options.level0_slowdown_writes_trigger: 20
2023/07/03-22:38:37.645026 7fb863320cc0              Options.level0_stop_writes_trigger: 36
2023/07/03-22:38:37.645028 7fb863320cc0                   Options.target_file_size_base: 67108864
2023/07/03-22:38:37.645030 7fb863320cc0             Options.target_file_size_multiplier: 1
2023/07/03-22:38:37.645032 7fb863320cc0                Options.max_bytes_for_level_base: 268435456
2023/07/03-22:38:37.645034 7fb863320cc0 Options.level_compaction_dynamic_level_bytes: 0
2023/07/03-22:38:37.645036 7fb863320cc0          Options.max_bytes_for_level_multiplier: 10.000000
2023/07/03-22:38:37.645041 7fb863320cc0 Options.max_bytes_for_level_multiplier_addtl[0]: 1
2023/07/03-22:38:37.645043 7fb863320cc0 Options.max_bytes_for_level_multiplier_addtl[1]: 1
2023/07/03-22:38:37.645045 7fb863320cc0 Options.max_bytes_for_level_multiplier_addtl[2]: 1
2023/07/03-22:38:37.645046 7fb863320cc0 Options.max_bytes_for_level_multiplier_addtl[3]: 1
2023/07/03-22:38:37.645048 7fb863320cc0 Options.max_bytes_for_level_multiplier_addtl[4]: 1
2023/07/03-22:38:37.645050 7fb863320cc0 Options.max_bytes_for_level_multiplier_addtl[5]: 1
2023/07/03-22:38:37.645052 7fb863320cc0 Options.max_bytes_for_level_multiplier_addtl[6]: 1
2023/07/03-22:38:37.645054 7fb863320cc0       Options.max_sequential_skip_in_iterations: 8
2023/07/03-22:38:37.645055 7fb863320cc0                    Options.max_compaction_bytes: 1677721600
2023/07/03-22:38:37.645058 7fb863320cc0                        Options.arena_block_size: 8388608
2023/07/03-22:38:37.645060 7fb863320cc0   Options.soft_pending_compaction_bytes_limit: 68719476736
2023/07/03-22:38:37.645062 7fb863320cc0   Options.hard_pending_compaction_bytes_limit: 274877906944
2023/07/03-22:38:37.645064 7fb863320cc0       Options.rate_limit_delay_max_milliseconds: 100
2023/07/03-22:38:37.645090 7fb863320cc0                Options.disable_auto_compactions: 1
2023/07/03-22:38:37.645096 7fb863320cc0                        Options.compaction_style: kCompactionStyleLevel
2023/07/03-22:38:37.645098 7fb863320cc0                          Options.compaction_pri: kMinOverlappingRatio
2023/07/03-22:38:37.645100 7fb863320cc0 Options.compaction_options_universal.size_ratio: 1
2023/07/03-22:38:37.645102 7fb863320cc0 Options.compaction_options_universal.min_merge_width: 2
2023/07/03-22:38:37.645104 7fb863320cc0 Options.compaction_options_universal.max_merge_width: 4294967295
2023/07/03-22:38:37.645106 7fb863320cc0 Options.compaction_options_universal.max_size_amplification_percent: 200
2023/07/03-22:38:37.645108 7fb863320cc0 Options.compaction_options_universal.compression_size_percent: -1
2023/07/03-22:38:37.645110 7fb863320cc0 Options.compaction_options_universal.stop_style: kCompactionStopStyleTotalSize
2023/07/03-22:38:37.645112 7fb863320cc0 Options.compaction_options_fifo.max_table_files_size: 1073741824
2023/07/03-22:38:37.645114 7fb863320cc0 Options.compaction_options_fifo.allow_compaction: 0
2023/07/03-22:38:37.645123 7fb863320cc0                   Options.table_properties_collectors: 
2023/07/03-22:38:37.645126 7fb863320cc0                   Options.inplace_update_support: 0
2023/07/03-22:38:37.645127 7fb863320cc0                 Options.inplace_update_num_locks: 10000
2023/07/03-22:38:37.645129 7fb863320cc0               Options.memtable_prefix_bloom_size_ratio: 0.000000
2023/07/03-22:38:37.645132 7fb863320cc0               Options.memtable_whole_key_filtering: 0
2023/07/03-22:38:37.645134 7fb863320cc0   Options.memtable_huge_page_size: 0
2023/07/03-22:38:37.645136 7fb863320cc0                           Options.bloom_locality: 0
2023/07/03-22:38:37.645138 7fb863320cc0                    Options.max_successive_merges: 0
2023/07/03-22:38:37.645139 7fb863320cc0                Options.optimize_filters_for_hits: 0
2023/07/03-22:38:37.645141 7fb863320cc0                Options.paranoid_file_checks: 0
2023/07/03-22:38:37.645143 7fb863320cc0                Options.force_consistency_checks: 1
2023/07/03-22:38:37.645145 7fb863320cc0                Options.report_bg_io_stats: 0
2023/07/03-22:38:37.645146 7fb863320cc0                               Options.ttl: 2592000
2023/07/03-22:38:37.645148 7fb863320cc0          Options.periodic_compaction_seconds: 2592000
2023/07/03-22:38:37.645150 7fb863320cc0                    Options.enable_blob_files: false
2023/07/03-22:38:37.645152 7fb863320cc0                        Options.min_blob_size: 0
2023/07/03-22:38:37.645154 7fb863320cc0                       Options.blob_file_size: 268435456
2023/07/03-22:38:37.645156 7fb863320cc0                Options.blob_compression_type: NoCompression
2023/07/03-22:38:37.645158 7fb863320cc0       Options.enable_blob_garbage_collection: false
2023/07/03-22:38:37.645159 7fb863320cc0   Options.blob_garbage_collection_age_cutoff: 0.250000
2023/07/03-22:38:37.645277 7fb863320cc0 [db/column_family.cc:595] --------------- Options for column family [FZ]:
2023/07/03-22:38:37.645281 7fb863320cc0               Options.comparator: leveldb.BytewiseComparator
2023/07/03-22:38:37.645283 7fb863320cc0           Options.merge_operator: None
2023/07/03-22:38:37.645286 7fb863320cc0        Options.compaction_filter: filter_outdated
2023/07/03-22:38:37.645288 7fb863320cc0        Options.compaction_filter_factory: None
2023/07/03-22:38:37.645289 7fb863320cc0  Options.sst_partitioner_factory: None
2023/07/03-22:38:37.645291 7fb863320cc0         Options.memtable_factory: SkipListFactory
2023/07/03-22:38:37.645293 7fb863320cc0            Options.table_factory: BlockBasedTable
2023/07/03-22:38:37.645324 7fb863320cc0            table_factory options:   flush_block_policy_factory: FlushBlockBySizePolicyFactory (0x55bb4ded5610)
  cache_index_and_filter_blocks: 0
  cache_index_and_filter_blocks_with_high_priority: 1
  pin_l0_filter_and_index_blocks_in_cache: 0
  pin_top_level_index_and_filter: 1
  index_type: 0
  data_block_index_type: 0
  index_shortening: 1
  data_block_hash_table_util_ratio: 0.750000
  hash_index_allow_collision: 1
  checksum: 1
  no_block_cache: 0
  block_cache: 0x55bb4ded5660
  block_cache_name: LRUCache
  block_cache_options:
    capacity : 8388608
    num_shard_bits : 4
    strict_capacity_limit : 0
    memory_allocator : None
    high_pri_pool_ratio: 0.000
  block_cache_compressed: (nil)
  persistent_cache: (nil)
  block_size: 4096
  block_size_deviation: 10
  block_restart_interval: 16
  index_block_restart_interval: 1
  metadata_block_size: 4096
  partition_filters: 0
  use_delta_encoding: 1
  filter_policy: nullptr
  whole_key_filtering: 1
  verify_compression: 0
  read_amp_bytes_per_bit: 0
  format_version: 4
  enable_index_compression: 1
  block_align: 0
2023/07/03-22:38:37.645344 7fb863320cc0        Options.write_buffer_size: 67108864
2023/07/03-22:38:37.645346 7fb863320cc0  Options.max_write_buffer_number: 2
2023/07/03-22:38:37.645348 7fb863320cc0          Options.compression: NoCompression
2023/07/03-22:38:37.645350 7fb863320cc0                  Options.bottommost_compression: Disabled
2023/07/03-22:38:37.645351 7fb863320cc0       Options.prefix_extractor: nullptr
2023/07/03-22:38:37.645353 7fb863320cc0   Options.memtable_insert_with_hint_prefix_extractor: nullptr
2023/07/03-22:38:37.645355 7fb863320cc0             Options.num_levels: 7
2023/07/03-22:38:37.645357 7fb863320cc0        Options.min_write_buffer_number_to_merge: 1
2023/07/03-22:38:37.645359 7fb863320cc0     Options.max_write_buffer_number_to_maintain: 0
2023/07/03-22:38:37.645361 7fb863320cc0     Options.max_write_buffer_size_to_maintain: 0
2023/07/03-22:38:37.645362 7fb863320cc0            Options.bottommost_compression_opts.window_bits: -14
2023/07/03-22:38:37.645364 7fb863320cc0                  Options.bottommost_compression_opts.level: 32767
2023/07/03-22:38:37.645366 7fb863320cc0               Options.bottommost_compression_opts.strategy: 0
2023/07/03-22:38:37.645368 7fb863320cc0         Options.bottommost_compression_opts.max_dict_bytes: 0
2023/07/03-22:38:37.645370 7fb863320cc0         Options.bottommost_compression_opts.zstd_max_train_bytes: 0
2023/07/03-22:38:37.645371 7fb863320cc0         Options.bottommost_compression_opts.parallel_threads: 1
2023/07/03-22:38:37.645373 7fb863320cc0                  Options.bottommost_compression_opts.enabled: false
2023/07/03-22:38:37.645375 7fb863320cc0            Options.compression_opts.window_bits: -14
2023/07/03-22:38:37.645377 7fb863320cc0                  Options.compression_opts.level: 32767
2023/07/03-22:38:37.645379 7fb863320cc0               Options.compression_opts.strategy: 0
2023/07/03-22:38:37.645380 7fb863320cc0         Options.compression_opts.max_dict_bytes: 0
2023/07/03-22:38:37.645382 7fb863320cc0         Options.compression_opts.zstd_max_train_bytes: 0
2023/07/03-22:38:37.645384 7fb863320cc0         Options.compression_opts.parallel_threads: 1
2023/07/03-22:38:37.645386 7fb863320cc0                  Options.compression_opts.enabled: false
2023/07/03-22:38:37.645388 7fb863320cc0      Options.level0_file_num_compaction_trigger: 4
2023/07/03-22:38:37.645389 7fb863320cc0          Options.level0_slowdown_writes_trigger: 20
2023/07/03-22:38:37.645391 7fb863320cc0              Options.level0_stop_writes_trigger: 36
2023/07/03-22:38:37.645393 7fb863320cc0                   Options.target_file_size_base: 67108864
2023/07/03-22:38:37.645395 7fb863320cc0             Options.target_file_size_multiplier: 1
2023/07/03-22:38:37.645397 7fb863320cc0                Options.max_bytes_for_level_base: 268435456
2023/07/03-22:38:37.645398 7fb863320cc0 Options.level_compaction_dynamic_level_bytes: 0
2023/07/03-22:38:37.645400 7fb863320cc0          Options.max_bytes_for_level_multiplier: 10.000000
2023/07/03-22:38:37.645403 7fb863320cc0 Options.max_bytes_for_level_multiplier_addtl[0]: 1
2023/07/03-22:38:37.645405 7fb863320cc0 Options.max_bytes_for_level_multiplier_addtl[1]: 1
2023/07/03-22:38:37.645407 7fb863320cc0 Options.max_bytes_for_level_multiplier_addtl[2]: 1
2023/07/03-22:38:37.645409 7fb863320cc0 Options.max_bytes_for_level_multiplier_addtl[3]: 1
2023/07/03-22:38:37.645421 7fb863320cc0 Options.max_bytes_for_level_multiplier_addtl[4]: 1
2023/07/03-22:38:37.645423 7fb863320cc0 Options.max_bytes_for_level_multiplier_addtl[5]: 1
2023/07/03-22:38:37.645425 7fb863320cc0 Options.max_bytes_for_level_multiplier_addtl[6]: 1
2023/07/03-22:38:37.645426 7fb863320cc0       Options.max_sequential_skip_in_iterations: 8
2023/07/03-22:38:37.645428 7fb863320cc0                    Options.max_compaction_bytes: 1677721600
2023/07/03-22:38:37.645430 7fb863320cc0                        Options.arena_block_size: 8388608
2023/07/03-22:38:37.645432 7fb863320cc0   Options.soft_pending_compaction_bytes_limit: 68719476736
2023/07/03-22:38:37.645434 7fb863320cc0   Options.hard_pending_compaction_bytes_limit: 274877906944
2023/07/03-22:38:37.645435 7fb863320cc0       Options.rate_limit_delay_max_milliseconds: 100
2023/07/03-22:38:37.645437 7fb863320cc0                Options.disable_auto_compactions: 1
2023/07/03-22:38:37.645440 7fb863320cc0                        Options.compaction_style: kCompactionStyleLevel
2023/07/03-22:38:37.645442 7fb863320cc0                          Options.compaction_pri: kMinOverlappingRatio
2023/07/03-22:38:37.645443 7fb863320cc0 Options.compaction_options_universal.size_ratio: 1
2023/07/03-22:38:37.645445 7fb863320cc0 Options.compaction_options_universal.min_merge_width: 2
2023/07/03-22:38:37.645447 7fb863320cc0 Options.compaction_options_universal.max_merge_width: 4294967295
2023/07/03-22:38:37.645449 7fb863320cc0 Options.compaction_options_universal.max_size_amplification_percent: 200
2023/07/03-22:38:37.645451 7fb863320cc0 Options.compaction_options_universal.compression_size_percent: -1
2023/07/03-22:38:37.645453 7fb863320cc0 Options.compaction_options_universal.stop_style: kCompactionStopStyleTotalSize
2023/07/03-22:38:37.645454 7fb863320cc0 Options.compaction_options_fifo.max_table_files_size: 1073741824
2023/07/03-22:38:37.645456 7fb863320cc0 Options.compaction_options_fifo.allow_compaction: 0
2023/07/03-22:38:37.645460 7fb863320cc0                   Options.table_properties_collectors: 
2023/07/03-22:38:37.645462 7fb863320cc0                   Options.inplace_update_support: 0
2023/07/03-22:38:37.645464 7fb863320cc0                 Options.inplace_update_num_locks: 10000
2023/07/03-22:38:37.645465 7fb863320cc0               Options.memtable_prefix_bloom_size_ratio: 0.000000
2023/07/03-22:38:37.645468 7fb863320cc0               Options.memtable_whole_key_filtering: 0
2023/07/03-22:38:37.645470 7fb863320cc0   Options.memtable_huge_page_size: 0
2023/07/03-22:38:37.645471 7fb863320cc0                           Options.bloom_locality: 0
2023/07/03-22:38:37.645473 7fb863320cc0                    Options.max_successive_merges: 0
2023/07/03-22:38:37.645475 7fb863320cc0                Options.optimize_filters_for_hits: 0
2023/07/03-22:38:37.645477 7fb863320cc0                Options.paranoid_file_checks: 0
2023/07/03-22:38:37.645479 7fb863320cc0                Options.force_consistency_checks: 1
2023/07/03-22:38:37.645480 7fb863320cc0                Options.report_bg_io_stats: 0
2023/07/03-22:38:37.645482 7fb863320cc0                               Options.ttl: 2592000
2023/07/03-22:38:37.645484 7fb863320cc0          Options.periodic_compaction_seconds: 2592000
2023/07/03-22:38:37.645486 7fb863320cc0                    Options.enable_blob_files: false
2023/07/03-22:38:37.645487 7fb863320cc0                        Options.min_blob_size: 0
2023/07/03-22:38:37.645489 7fb863320cc0                       Options.blob_file_size: 268435456
2023/07/03-22:38:37.645491 7fb863320cc0                Options.blob_compression_type: NoCompression
2023/07/03-22:38:37.645493 7fb863320cc0       Options.enable_blob_garbage_collection: false
2023/07/03-22:38:37.645495 7fb863320cc0   Options.blob_garbage_collection_age_cutoff: 0.250000
2023/07/03-22:38:37.645638 7fb863320cc0 [db/column_family.cc:595] --------------- Options for column family [NZ]:
2023/07/03-22:38:37.645646 7fb863320cc0               Options.comparator: leveldb.BytewiseComparator
2023/07/03-22:38:37.645667 7fb863320cc0           Options.merge_operator: None
2023/07/03-22:38:37.645670 7fb863320cc0        Options.compaction_filter: filter_outdated
2023/07/03-22:38:37.645672 7fb863320cc0        Options.compaction_filter_factory: None
2023/07/03-22:38:37.645674 7fb863320cc0  Options.sst_partitioner_factory: None
2023/07/03-22:38:37.645676 7fb863320cc0         Options.memtable_factory: SkipListFactory
2023/07/03-22:38:37.645677 7fb863320cc0            Options.table_factory: BlockBasedTable
2023/07/03-22:38:37.645714 7fb863320cc0            table_factory options:   flush_block_policy_factory: FlushBlockBySizePolicyFactory (0x55bb4ded78a0)
  cache_index_and_filter_blocks: 0
  cache_index_and_filter_blocks_with_high_priority: 1
  pin_l0_filter_and_index_blocks_in_cache: 0
  pin_top_level_index_and_filter: 1
  index_type: 0
  data_block_index_type: 0
  index_shortening: 1
  data_block_hash_table_util_ratio: 0.750000
  hash_index_allow_collision: 1
  checksum: 1
  no_block_cache: 0
  block_cache: 0x55bb4ded78f0
  block_cache_name: LRUCache
  block_cache_options:
    capacity : 8388608
    num_shard_bits : 4
    strict_capacity_limit : 0
    memory_allocator : None
    high_pri_pool_ratio: 0.000
  block_cache_compressed: (nil)
  persistent_cache: (nil)
  block_size: 4096
  block_size_deviation: 10
  block_restart_interval: 16
  index_block_restart_interval: 1
  metadata_block_size: 4096
  partition_filters: 0
  use_delta_encoding: 1
  filter_policy: nullptr
  whole_key_filtering: 1
  verify_compression: 0
  read_amp_bytes_per_bit: 0
  format_version: 4
  enable_index_compression: 1
  block_align: 0
2023/07/03-22:38:37.645728 7fb863320cc0        Options.write_buffer_size: 67108864
2023/07/03-22:38:37.645731 7fb863320cc0  Options.max_write_buffer_number: 2
2023/07/03-22:38:37.645733 7fb863320cc0          Options.compression: NoCompression
2023/07/03-22:38:37.645734 7fb863320cc0                  Options.bottommost_compression: Disabled
2023/07/03-22:38:37.645736 7fb863320cc0       Options.prefix_extractor: nullptr
2023/07/03-22:38:37.645738 7fb863320cc0   Options.memtable_insert_with_hint_prefix_extractor: nullptr
2023/07/03-22:38:37.645740 7fb863320cc0             Options.num_levels: 7
2023/07/03-22:38:37.645742 7fb863320cc0        Options.min_write_buffer_number_to_merge: 1
2023/07/03-22:38:37.645743 7fb863320cc0     Options.max_write_buffer_number_to_maintain: 0
2023/07/03-22:38:37.645745 7fb863320cc0     Options.max_write_buffer_size_to_maintain: 0
2023/07/03-22:38:37.645747 7fb863320cc0            Options.bottommost_compression_opts.window_bits: -14
2023/07/03-22:38:37.645749 7fb863320cc0                  Options.bottommost_compression_opts.level: 32767
2023/07/03-22:38:37.645751 7fb863320cc0               Options.bottommost_compression_opts.strategy: 0
2023/07/03-22:38:37.645752 7fb863320cc0         Options.bottommost_compression_opts.max_dict_bytes: 0
2023/07/03-22:38:37.645754 7fb863320cc0         Options.bottommost_compression_opts.zstd_max_train_bytes: 0
