2023/07/03-22:39:34.877718 7fe99e212cc0 RocksDB version: 6.17.0
2023/07/03-22:39:34.877835 7fe99e212cc0 Git sha 0
2023/07/03-22:39:34.877942 7fe99e212cc0 DB SUMMARY
2023/07/03-22:39:34.877945 7fe99e212cc0 DB Session ID:  7LA191HKNJ2D4KRR7O7J
2023/07/03-22:39:34.877972 7fe99e212cc0 CURRENT file:  CURRENT
2023/07/03-22:39:34.877974 7fe99e212cc0 IDENTITY file:  IDENTITY
2023/07/03-22:39:34.877978 7fe99e212cc0 MANIFEST file:  MANIFEST-000020 size: 734 Bytes
2023/07/03-22:39:34.877979 7fe99e212cc0 SST files in /home/kshivara/ic-projects/dbank/.dfx/state/replicated_state/node-100/ic_consensus_pool/certification dir, Total Num: 4, files: 000013.sst 000015.sst 000018.sst 000019.sst 
2023/07/03-22:39:34.877981 7fe99e212cc0 Write Ahead Log file in /home/kshivara/ic-projects/dbank/.dfx/state/replicated_state/node-100/ic_consensus_pool/certification: 000021.log size: 0 ; 
2023/07/03-22:39:34.877982 7fe99e212cc0                         Options.error_if_exists: 0
2023/07/03-22:39:34.877983 7fe99e212cc0                       Options.create_if_missing: 1
2023/07/03-22:39:34.877984 7fe99e212cc0                         Options.paranoid_checks: 1
2023/07/03-22:39:34.877985 7fe99e212cc0                               Options.track_and_verify_wals_in_manifest: 0
2023/07/03-22:39:34.877986 7fe99e212cc0                                     Options.env: 0x56178d5fa380
2023/07/03-22:39:34.877987 7fe99e212cc0                                      Options.fs: Posix File System
2023/07/03-22:39:34.877988 7fe99e212cc0                                Options.info_log: 0x5617c7013190
2023/07/03-22:39:34.877989 7fe99e212cc0                Options.max_file_opening_threads: 16
2023/07/03-22:39:34.877990 7fe99e212cc0                              Options.statistics: (nil)
2023/07/03-22:39:34.877991 7fe99e212cc0                               Options.use_fsync: 1
2023/07/03-22:39:34.877991 7fe99e212cc0                       Options.max_log_file_size: 0
2023/07/03-22:39:34.877992 7fe99e212cc0                  Options.max_manifest_file_size: 1073741824
2023/07/03-22:39:34.877993 7fe99e212cc0                   Options.log_file_time_to_roll: 0
2023/07/03-22:39:34.877994 7fe99e212cc0                       Options.keep_log_file_num: 1000
2023/07/03-22:39:34.877995 7fe99e212cc0                    Options.recycle_log_file_num: 0
2023/07/03-22:39:34.877996 7fe99e212cc0                         Options.allow_fallocate: 1
2023/07/03-22:39:34.877997 7fe99e212cc0                        Options.allow_mmap_reads: 0
2023/07/03-22:39:34.877998 7fe99e212cc0                       Options.allow_mmap_writes: 0
2023/07/03-22:39:34.877998 7fe99e212cc0                        Options.use_direct_reads: 0
2023/07/03-22:39:34.877999 7fe99e212cc0                        Options.use_direct_io_for_flush_and_compaction: 0
2023/07/03-22:39:34.878000 7fe99e212cc0          Options.create_missing_column_families: 1
2023/07/03-22:39:34.878001 7fe99e212cc0                              Options.db_log_dir: 
2023/07/03-22:39:34.878002 7fe99e212cc0                                 Options.wal_dir: /home/kshivara/ic-projects/dbank/.dfx/state/replicated_state/node-100/ic_consensus_pool/certification
2023/07/03-22:39:34.878003 7fe99e212cc0                Options.table_cache_numshardbits: 6
2023/07/03-22:39:34.878003 7fe99e212cc0                         Options.WAL_ttl_seconds: 0
2023/07/03-22:39:34.878004 7fe99e212cc0                       Options.WAL_size_limit_MB: 0
2023/07/03-22:39:34.878005 7fe99e212cc0                        Options.max_write_batch_group_size_bytes: 1048576
2023/07/03-22:39:34.878006 7fe99e212cc0             Options.manifest_preallocation_size: 4194304
2023/07/03-22:39:34.878007 7fe99e212cc0                     Options.is_fd_close_on_exec: 1
2023/07/03-22:39:34.878008 7fe99e212cc0                   Options.advise_random_on_open: 1
2023/07/03-22:39:34.878008 7fe99e212cc0                    Options.db_write_buffer_size: 0
2023/07/03-22:39:34.878009 7fe99e212cc0                    Options.write_buffer_manager: 0x5617c7088b50
2023/07/03-22:39:34.878010 7fe99e212cc0         Options.access_hint_on_compaction_start: 1
2023/07/03-22:39:34.878011 7fe99e212cc0  Options.new_table_reader_for_compaction_inputs: 0
2023/07/03-22:39:34.878022 7fe99e212cc0           Options.random_access_max_buffer_size: 1048576
2023/07/03-22:39:34.878024 7fe99e212cc0                      Options.use_adaptive_mutex: 0
2023/07/03-22:39:34.878024 7fe99e212cc0                            Options.rate_limiter: (nil)
2023/07/03-22:39:34.878026 7fe99e212cc0     Options.sst_file_manager.rate_bytes_per_sec: 0
2023/07/03-22:39:34.878027 7fe99e212cc0                       Options.wal_recovery_mode: 2
2023/07/03-22:39:34.878028 7fe99e212cc0                  Options.enable_thread_tracking: 0
2023/07/03-22:39:34.878028 7fe99e212cc0                  Options.enable_pipelined_write: 0
2023/07/03-22:39:34.878029 7fe99e212cc0                  Options.unordered_write: 0
2023/07/03-22:39:34.878030 7fe99e212cc0         Options.allow_concurrent_memtable_write: 1
2023/07/03-22:39:34.878031 7fe99e212cc0      Options.enable_write_thread_adaptive_yield: 1
2023/07/03-22:39:34.878032 7fe99e212cc0             Options.write_thread_max_yield_usec: 100
2023/07/03-22:39:34.878033 7fe99e212cc0            Options.write_thread_slow_yield_usec: 3
2023/07/03-22:39:34.878033 7fe99e212cc0                               Options.row_cache: None
2023/07/03-22:39:34.878034 7fe99e212cc0                              Options.wal_filter: None
2023/07/03-22:39:34.878035 7fe99e212cc0             Options.avoid_flush_during_recovery: 0
2023/07/03-22:39:34.878036 7fe99e212cc0             Options.allow_ingest_behind: 0
2023/07/03-22:39:34.878037 7fe99e212cc0             Options.preserve_deletes: 0
2023/07/03-22:39:34.878038 7fe99e212cc0             Options.two_write_queues: 0
2023/07/03-22:39:34.878039 7fe99e212cc0             Options.manual_wal_flush: 0
2023/07/03-22:39:34.878039 7fe99e212cc0             Options.atomic_flush: 0
2023/07/03-22:39:34.878040 7fe99e212cc0             Options.avoid_unnecessary_blocking_io: 0
2023/07/03-22:39:34.878041 7fe99e212cc0                 Options.persist_stats_to_disk: 0
2023/07/03-22:39:34.878042 7fe99e212cc0                 Options.write_dbid_to_manifest: 0
2023/07/03-22:39:34.878043 7fe99e212cc0                 Options.log_readahead_size: 0
2023/07/03-22:39:34.878044 7fe99e212cc0                 Options.file_checksum_gen_factory: Unknown
2023/07/03-22:39:34.878045 7fe99e212cc0                 Options.best_efforts_recovery: 0
2023/07/03-22:39:34.878045 7fe99e212cc0                Options.max_bgerror_resume_count: 2147483647
2023/07/03-22:39:34.878046 7fe99e212cc0            Options.bgerror_resume_retry_interval: 1000000
2023/07/03-22:39:34.878047 7fe99e212cc0             Options.allow_data_in_errors: 0
2023/07/03-22:39:34.878048 7fe99e212cc0             Options.db_host_id: __hostname__
2023/07/03-22:39:34.878049 7fe99e212cc0             Options.max_background_jobs: 2
2023/07/03-22:39:34.878050 7fe99e212cc0             Options.max_background_compactions: -1
2023/07/03-22:39:34.878051 7fe99e212cc0             Options.max_subcompactions: 1
2023/07/03-22:39:34.878051 7fe99e212cc0             Options.avoid_flush_during_shutdown: 0
2023/07/03-22:39:34.878052 7fe99e212cc0           Options.writable_file_max_buffer_size: 1048576
2023/07/03-22:39:34.878053 7fe99e212cc0             Options.delayed_write_rate : 16777216
2023/07/03-22:39:34.878054 7fe99e212cc0             Options.max_total_wal_size: 0
2023/07/03-22:39:34.878055 7fe99e212cc0             Options.delete_obsolete_files_period_micros: 21600000000
2023/07/03-22:39:34.878056 7fe99e212cc0                   Options.stats_dump_period_sec: 600
2023/07/03-22:39:34.878057 7fe99e212cc0                 Options.stats_persist_period_sec: 600
2023/07/03-22:39:34.878057 7fe99e212cc0                 Options.stats_history_buffer_size: 1048576
2023/07/03-22:39:34.878058 7fe99e212cc0                          Options.max_open_files: -1
2023/07/03-22:39:34.878059 7fe99e212cc0                          Options.bytes_per_sync: 0
2023/07/03-22:39:34.878060 7fe99e212cc0                      Options.wal_bytes_per_sync: 0
2023/07/03-22:39:34.878061 7fe99e212cc0                   Options.strict_bytes_per_sync: 0
2023/07/03-22:39:34.878067 7fe99e212cc0       Options.compaction_readahead_size: 0
2023/07/03-22:39:34.878068 7fe99e212cc0                  Options.max_background_flushes: -1
2023/07/03-22:39:34.878069 7fe99e212cc0 Compression algorithms supported:
2023/07/03-22:39:34.878070 7fe99e212cc0 	kZSTDNotFinalCompression supported: 1
2023/07/03-22:39:34.878072 7fe99e212cc0 	kZSTD supported: 1
2023/07/03-22:39:34.878073 7fe99e212cc0 	kXpressCompression supported: 0
2023/07/03-22:39:34.878074 7fe99e212cc0 	kLZ4HCCompression supported: 1
2023/07/03-22:39:34.878075 7fe99e212cc0 	kLZ4Compression supported: 1
2023/07/03-22:39:34.878076 7fe99e212cc0 	kBZip2Compression supported: 1
2023/07/03-22:39:34.878076 7fe99e212cc0 	kZlibCompression supported: 1
2023/07/03-22:39:34.878077 7fe99e212cc0 	kSnappyCompression supported: 1
2023/07/03-22:39:34.878081 7fe99e212cc0 Fast CRC32 supported: Supported on x86
2023/07/03-22:39:34.878161 7fe99e212cc0 [db/version_set.cc:4758] Recovering from manifest file: /home/kshivara/ic-projects/dbank/.dfx/state/replicated_state/node-100/ic_consensus_pool/certification/MANIFEST-000020
2023/07/03-22:39:34.878287 7fe99e212cc0 [db/column_family.cc:595] --------------- Options for column family [default]:
2023/07/03-22:39:34.878290 7fe99e212cc0               Options.comparator: leveldb.BytewiseComparator
2023/07/03-22:39:34.878291 7fe99e212cc0           Options.merge_operator: None
2023/07/03-22:39:34.878292 7fe99e212cc0        Options.compaction_filter: None
2023/07/03-22:39:34.878293 7fe99e212cc0        Options.compaction_filter_factory: None
2023/07/03-22:39:34.878294 7fe99e212cc0  Options.sst_partitioner_factory: None
2023/07/03-22:39:34.878295 7fe99e212cc0         Options.memtable_factory: SkipListFactory
2023/07/03-22:39:34.878295 7fe99e212cc0            Options.table_factory: BlockBasedTable
2023/07/03-22:39:34.878315 7fe99e212cc0            table_factory options:   flush_block_policy_factory: FlushBlockBySizePolicyFactory (0x5617c7019710)
  cache_index_and_filter_blocks: 0
  cache_index_and_filter_blocks_with_high_priority: 1
  pin_l0_filter_and_index_blocks_in_cache: 0
  pin_top_level_index_and_filter: 1
  index_type: 0
  data_block_index_type: 0
  index_shortening: 1
  data_block_hash_table_util_ratio: 0.750000
  hash_index_allow_collision: 1
  checksum: 1
  no_block_cache: 0
  block_cache: 0x5617c70d6c50
  block_cache_name: LRUCache
  block_cache_options:
    capacity : 8388608
    num_shard_bits : 4
    strict_capacity_limit : 0
    memory_allocator : None
    high_pri_pool_ratio: 0.000
  block_cache_compressed: (nil)
  persistent_cache: (nil)
  block_size: 4096
  block_size_deviation: 10
  block_restart_interval: 16
  index_block_restart_interval: 1
  metadata_block_size: 4096
  partition_filters: 0
  use_delta_encoding: 1
  filter_policy: nullptr
  whole_key_filtering: 1
  verify_compression: 0
  read_amp_bytes_per_bit: 0
  format_version: 4
  enable_index_compression: 1
  block_align: 0
2023/07/03-22:39:34.878316 7fe99e212cc0        Options.write_buffer_size: 67108864
2023/07/03-22:39:34.878317 7fe99e212cc0  Options.max_write_buffer_number: 2
2023/07/03-22:39:34.878318 7fe99e212cc0          Options.compression: Snappy
2023/07/03-22:39:34.878319 7fe99e212cc0                  Options.bottommost_compression: Disabled
2023/07/03-22:39:34.878320 7fe99e212cc0       Options.prefix_extractor: nullptr
2023/07/03-22:39:34.878320 7fe99e212cc0   Options.memtable_insert_with_hint_prefix_extractor: nullptr
2023/07/03-22:39:34.878321 7fe99e212cc0             Options.num_levels: 7
2023/07/03-22:39:34.878322 7fe99e212cc0        Options.min_write_buffer_number_to_merge: 1
2023/07/03-22:39:34.878323 7fe99e212cc0     Options.max_write_buffer_number_to_maintain: 0
2023/07/03-22:39:34.878324 7fe99e212cc0     Options.max_write_buffer_size_to_maintain: 0
2023/07/03-22:39:34.878325 7fe99e212cc0            Options.bottommost_compression_opts.window_bits: -14
2023/07/03-22:39:34.878326 7fe99e212cc0                  Options.bottommost_compression_opts.level: 32767
2023/07/03-22:39:34.878326 7fe99e212cc0               Options.bottommost_compression_opts.strategy: 0
2023/07/03-22:39:34.878360 7fe99e212cc0         Options.bottommost_compression_opts.max_dict_bytes: 0
2023/07/03-22:39:34.878363 7fe99e212cc0         Options.bottommost_compression_opts.zstd_max_train_bytes: 0
2023/07/03-22:39:34.878364 7fe99e212cc0         Options.bottommost_compression_opts.parallel_threads: 1
2023/07/03-22:39:34.878365 7fe99e212cc0                  Options.bottommost_compression_opts.enabled: false
2023/07/03-22:39:34.878366 7fe99e212cc0            Options.compression_opts.window_bits: -14
2023/07/03-22:39:34.878366 7fe99e212cc0                  Options.compression_opts.level: 32767
2023/07/03-22:39:34.878367 7fe99e212cc0               Options.compression_opts.strategy: 0
2023/07/03-22:39:34.878368 7fe99e212cc0         Options.compression_opts.max_dict_bytes: 0
2023/07/03-22:39:34.878369 7fe99e212cc0         Options.compression_opts.zstd_max_train_bytes: 0
2023/07/03-22:39:34.878370 7fe99e212cc0         Options.compression_opts.parallel_threads: 1
2023/07/03-22:39:34.878371 7fe99e212cc0                  Options.compression_opts.enabled: false
2023/07/03-22:39:34.878372 7fe99e212cc0      Options.level0_file_num_compaction_trigger: 4
2023/07/03-22:39:34.878372 7fe99e212cc0          Options.level0_slowdown_writes_trigger: 20
2023/07/03-22:39:34.878373 7fe99e212cc0              Options.level0_stop_writes_trigger: 36
2023/07/03-22:39:34.878374 7fe99e212cc0                   Options.target_file_size_base: 67108864
2023/07/03-22:39:34.878375 7fe99e212cc0             Options.target_file_size_multiplier: 1
2023/07/03-22:39:34.878376 7fe99e212cc0                Options.max_bytes_for_level_base: 268435456
2023/07/03-22:39:34.878377 7fe99e212cc0 Options.level_compaction_dynamic_level_bytes: 0
2023/07/03-22:39:34.878378 7fe99e212cc0          Options.max_bytes_for_level_multiplier: 10.000000
2023/07/03-22:39:34.878379 7fe99e212cc0 Options.max_bytes_for_level_multiplier_addtl[0]: 1
2023/07/03-22:39:34.878380 7fe99e212cc0 Options.max_bytes_for_level_multiplier_addtl[1]: 1
2023/07/03-22:39:34.878381 7fe99e212cc0 Options.max_bytes_for_level_multiplier_addtl[2]: 1
2023/07/03-22:39:34.878382 7fe99e212cc0 Options.max_bytes_for_level_multiplier_addtl[3]: 1
2023/07/03-22:39:34.878383 7fe99e212cc0 Options.max_bytes_for_level_multiplier_addtl[4]: 1
2023/07/03-22:39:34.878384 7fe99e212cc0 Options.max_bytes_for_level_multiplier_addtl[5]: 1
2023/07/03-22:39:34.878385 7fe99e212cc0 Options.max_bytes_for_level_multiplier_addtl[6]: 1
2023/07/03-22:39:34.878386 7fe99e212cc0       Options.max_sequential_skip_in_iterations: 8
2023/07/03-22:39:34.878387 7fe99e212cc0                    Options.max_compaction_bytes: 1677721600
2023/07/03-22:39:34.878387 7fe99e212cc0                        Options.arena_block_size: 8388608
2023/07/03-22:39:34.878388 7fe99e212cc0   Options.soft_pending_compaction_bytes_limit: 68719476736
2023/07/03-22:39:34.878389 7fe99e212cc0   Options.hard_pending_compaction_bytes_limit: 274877906944
2023/07/03-22:39:34.878390 7fe99e212cc0       Options.rate_limit_delay_max_milliseconds: 100
2023/07/03-22:39:34.878391 7fe99e212cc0                Options.disable_auto_compactions: 0
2023/07/03-22:39:34.878393 7fe99e212cc0                        Options.compaction_style: kCompactionStyleLevel
2023/07/03-22:39:34.878394 7fe99e212cc0                          Options.compaction_pri: kMinOverlappingRatio
2023/07/03-22:39:34.878395 7fe99e212cc0 Options.compaction_options_universal.size_ratio: 1
2023/07/03-22:39:34.878396 7fe99e212cc0 Options.compaction_options_universal.min_merge_width: 2
2023/07/03-22:39:34.878396 7fe99e212cc0 Options.compaction_options_universal.max_merge_width: 4294967295
2023/07/03-22:39:34.878397 7fe99e212cc0 Options.compaction_options_universal.max_size_amplification_percent: 200
2023/07/03-22:39:34.878398 7fe99e212cc0 Options.compaction_options_universal.compression_size_percent: -1
2023/07/03-22:39:34.878399 7fe99e212cc0 Options.compaction_options_universal.stop_style: kCompactionStopStyleTotalSize
2023/07/03-22:39:34.878400 7fe99e212cc0 Options.compaction_options_fifo.max_table_files_size: 1073741824
2023/07/03-22:39:34.878409 7fe99e212cc0 Options.compaction_options_fifo.allow_compaction: 0
2023/07/03-22:39:34.878415 7fe99e212cc0                   Options.table_properties_collectors: 
2023/07/03-22:39:34.878416 7fe99e212cc0                   Options.inplace_update_support: 0
2023/07/03-22:39:34.878417 7fe99e212cc0                 Options.inplace_update_num_locks: 10000
2023/07/03-22:39:34.878418 7fe99e212cc0               Options.memtable_prefix_bloom_size_ratio: 0.000000
2023/07/03-22:39:34.878419 7fe99e212cc0               Options.memtable_whole_key_filtering: 0
2023/07/03-22:39:34.878420 7fe99e212cc0   Options.memtable_huge_page_size: 0
2023/07/03-22:39:34.878421 7fe99e212cc0                           Options.bloom_locality: 0
2023/07/03-22:39:34.878421 7fe99e212cc0                    Options.max_successive_merges: 0
2023/07/03-22:39:34.878422 7fe99e212cc0                Options.optimize_filters_for_hits: 0
2023/07/03-22:39:34.878423 7fe99e212cc0                Options.paranoid_file_checks: 0
2023/07/03-22:39:34.878424 7fe99e212cc0                Options.force_consistency_checks: 1
2023/07/03-22:39:34.878425 7fe99e212cc0                Options.report_bg_io_stats: 0
2023/07/03-22:39:34.878425 7fe99e212cc0                               Options.ttl: 2592000
2023/07/03-22:39:34.878426 7fe99e212cc0          Options.periodic_compaction_seconds: 0
2023/07/03-22:39:34.878427 7fe99e212cc0                    Options.enable_blob_files: false
2023/07/03-22:39:34.878428 7fe99e212cc0                        Options.min_blob_size: 0
2023/07/03-22:39:34.878429 7fe99e212cc0                       Options.blob_file_size: 268435456
2023/07/03-22:39:34.878430 7fe99e212cc0                Options.blob_compression_type: NoCompression
2023/07/03-22:39:34.878431 7fe99e212cc0       Options.enable_blob_garbage_collection: false
2023/07/03-22:39:34.878431 7fe99e212cc0   Options.blob_garbage_collection_age_cutoff: 0.250000
2023/07/03-22:39:34.878511 7fe99e212cc0 [db/column_family.cc:595] --------------- Options for column family [CE]:
2023/07/03-22:39:34.878513 7fe99e212cc0               Options.comparator: leveldb.BytewiseComparator
2023/07/03-22:39:34.878514 7fe99e212cc0           Options.merge_operator: None
2023/07/03-22:39:34.878516 7fe99e212cc0        Options.compaction_filter: filter_outdated
2023/07/03-22:39:34.878517 7fe99e212cc0        Options.compaction_filter_factory: None
2023/07/03-22:39:34.878517 7fe99e212cc0  Options.sst_partitioner_factory: None
2023/07/03-22:39:34.878518 7fe99e212cc0         Options.memtable_factory: SkipListFactory
2023/07/03-22:39:34.878519 7fe99e212cc0            Options.table_factory: BlockBasedTable
2023/07/03-22:39:34.878538 7fe99e212cc0            table_factory options:   flush_block_policy_factory: FlushBlockBySizePolicyFactory (0x5617c70bdc20)
  cache_index_and_filter_blocks: 0
  cache_index_and_filter_blocks_with_high_priority: 1
  pin_l0_filter_and_index_blocks_in_cache: 0
  pin_top_level_index_and_filter: 1
  index_type: 0
  data_block_index_type: 0
  index_shortening: 1
  data_block_hash_table_util_ratio: 0.750000
  hash_index_allow_collision: 1
  checksum: 1
  no_block_cache: 0
  block_cache: 0x5617c71256d0
  block_cache_name: LRUCache
  block_cache_options:
    capacity : 8388608
    num_shard_bits : 4
    strict_capacity_limit : 0
    memory_allocator : None
    high_pri_pool_ratio: 0.000
  block_cache_compressed: (nil)
  persistent_cache: (nil)
  block_size: 4096
  block_size_deviation: 10
  block_restart_interval: 16
  index_block_restart_interval: 1
  metadata_block_size: 4096
  partition_filters: 0
  use_delta_encoding: 1
  filter_policy: nullptr
  whole_key_filtering: 1
  verify_compression: 0
  read_amp_bytes_per_bit: 0
  format_version: 4
  enable_index_compression: 1
  block_align: 0
2023/07/03-22:39:34.878539 7fe99e212cc0        Options.write_buffer_size: 67108864
2023/07/03-22:39:34.878540 7fe99e212cc0  Options.max_write_buffer_number: 2
2023/07/03-22:39:34.878541 7fe99e212cc0          Options.compression: NoCompression
2023/07/03-22:39:34.878542 7fe99e212cc0                  Options.bottommost_compression: Disabled
2023/07/03-22:39:34.878550 7fe99e212cc0       Options.prefix_extractor: nullptr
2023/07/03-22:39:34.878551 7fe99e212cc0   Options.memtable_insert_with_hint_prefix_extractor: nullptr
2023/07/03-22:39:34.878552 7fe99e212cc0             Options.num_levels: 7
2023/07/03-22:39:34.878553 7fe99e212cc0        Options.min_write_buffer_number_to_merge: 1
2023/07/03-22:39:34.878553 7fe99e212cc0     Options.max_write_buffer_number_to_maintain: 0
2023/07/03-22:39:34.878554 7fe99e212cc0     Options.max_write_buffer_size_to_maintain: 0
2023/07/03-22:39:34.878555 7fe99e212cc0            Options.bottommost_compression_opts.window_bits: -14
2023/07/03-22:39:34.878556 7fe99e212cc0                  Options.bottommost_compression_opts.level: 32767
2023/07/03-22:39:34.878557 7fe99e212cc0               Options.bottommost_compression_opts.strategy: 0
2023/07/03-22:39:34.878558 7fe99e212cc0         Options.bottommost_compression_opts.max_dict_bytes: 0
2023/07/03-22:39:34.878559 7fe99e212cc0         Options.bottommost_compression_opts.zstd_max_train_bytes: 0
2023/07/03-22:39:34.878559 7fe99e212cc0         Options.bottommost_compression_opts.parallel_threads: 1
2023/07/03-22:39:34.878560 7fe99e212cc0                  Options.bottommost_compression_opts.enabled: false
2023/07/03-22:39:34.878561 7fe99e212cc0            Options.compression_opts.window_bits: -14
2023/07/03-22:39:34.878562 7fe99e212cc0                  Options.compression_opts.level: 32767
2023/07/03-22:39:34.878563 7fe99e212cc0               Options.compression_opts.strategy: 0
2023/07/03-22:39:34.878564 7fe99e212cc0         Options.compression_opts.max_dict_bytes: 0
2023/07/03-22:39:34.878565 7fe99e212cc0         Options.compression_opts.zstd_max_train_bytes: 0
2023/07/03-22:39:34.878566 7fe99e212cc0         Options.compression_opts.parallel_threads: 1
2023/07/03-22:39:34.878567 7fe99e212cc0                  Options.compression_opts.enabled: false
2023/07/03-22:39:34.878569 7fe99e212cc0      Options.level0_file_num_compaction_trigger: 4
2023/07/03-22:39:34.878570 7fe99e212cc0          Options.level0_slowdown_writes_trigger: 20
2023/07/03-22:39:34.878571 7fe99e212cc0              Options.level0_stop_writes_trigger: 36
2023/07/03-22:39:34.878573 7fe99e212cc0                   Options.target_file_size_base: 67108864
2023/07/03-22:39:34.878574 7fe99e212cc0             Options.target_file_size_multiplier: 1
2023/07/03-22:39:34.878575 7fe99e212cc0                Options.max_bytes_for_level_base: 268435456
2023/07/03-22:39:34.878577 7fe99e212cc0 Options.level_compaction_dynamic_level_bytes: 0
2023/07/03-22:39:34.878578 7fe99e212cc0          Options.max_bytes_for_level_multiplier: 10.000000
2023/07/03-22:39:34.878580 7fe99e212cc0 Options.max_bytes_for_level_multiplier_addtl[0]: 1
2023/07/03-22:39:34.878582 7fe99e212cc0 Options.max_bytes_for_level_multiplier_addtl[1]: 1
2023/07/03-22:39:34.878583 7fe99e212cc0 Options.max_bytes_for_level_multiplier_addtl[2]: 1
2023/07/03-22:39:34.878585 7fe99e212cc0 Options.max_bytes_for_level_multiplier_addtl[3]: 1
2023/07/03-22:39:34.878586 7fe99e212cc0 Options.max_bytes_for_level_multiplier_addtl[4]: 1
2023/07/03-22:39:34.878588 7fe99e212cc0 Options.max_bytes_for_level_multiplier_addtl[5]: 1
2023/07/03-22:39:34.878589 7fe99e212cc0 Options.max_bytes_for_level_multiplier_addtl[6]: 1
2023/07/03-22:39:34.878591 7fe99e212cc0       Options.max_sequential_skip_in_iterations: 8
2023/07/03-22:39:34.878592 7fe99e212cc0                    Options.max_compaction_bytes: 1677721600
2023/07/03-22:39:34.878592 7fe99e212cc0                        Options.arena_block_size: 8388608
2023/07/03-22:39:34.878593 7fe99e212cc0   Options.soft_pending_compaction_bytes_limit: 68719476736
2023/07/03-22:39:34.878594 7fe99e212cc0   Options.hard_pending_compaction_bytes_limit: 274877906944
2023/07/03-22:39:34.878595 7fe99e212cc0       Options.rate_limit_delay_max_milliseconds: 100
2023/07/03-22:39:34.878596 7fe99e212cc0                Options.disable_auto_compactions: 1
2023/07/03-22:39:34.878597 7fe99e212cc0                        Options.compaction_style: kCompactionStyleLevel
2023/07/03-22:39:34.878605 7fe99e212cc0                          Options.compaction_pri: kMinOverlappingRatio
2023/07/03-22:39:34.878606 7fe99e212cc0 Options.compaction_options_universal.size_ratio: 1
2023/07/03-22:39:34.878607 7fe99e212cc0 Options.compaction_options_universal.min_merge_width: 2
2023/07/03-22:39:34.878608 7fe99e212cc0 Options.compaction_options_universal.max_merge_width: 4294967295
2023/07/03-22:39:34.878608 7fe99e212cc0 Options.compaction_options_universal.max_size_amplification_percent: 200
2023/07/03-22:39:34.878609 7fe99e212cc0 Options.compaction_options_universal.compression_size_percent: -1
2023/07/03-22:39:34.878610 7fe99e212cc0 Options.compaction_options_universal.stop_style: kCompactionStopStyleTotalSize
2023/07/03-22:39:34.878611 7fe99e212cc0 Options.compaction_options_fifo.max_table_files_size: 1073741824
2023/07/03-22:39:34.878612 7fe99e212cc0 Options.compaction_options_fifo.allow_compaction: 0
2023/07/03-22:39:34.878614 7fe99e212cc0                   Options.table_properties_collectors: 
2023/07/03-22:39:34.878615 7fe99e212cc0                   Options.inplace_update_support: 0
2023/07/03-22:39:34.878616 7fe99e212cc0                 Options.inplace_update_num_locks: 10000
2023/07/03-22:39:34.878617 7fe99e212cc0               Options.memtable_prefix_bloom_size_ratio: 0.000000
2023/07/03-22:39:34.878618 7fe99e212cc0               Options.memtable_whole_key_filtering: 0
2023/07/03-22:39:34.878619 7fe99e212cc0   Options.memtable_huge_page_size: 0
2023/07/03-22:39:34.878620 7fe99e212cc0                           Options.bloom_locality: 0
2023/07/03-22:39:34.878621 7fe99e212cc0                    Options.max_successive_merges: 0
2023/07/03-22:39:34.878622 7fe99e212cc0                Options.optimize_filters_for_hits: 0
2023/07/03-22:39:34.878622 7fe99e212cc0                Options.paranoid_file_checks: 0
2023/07/03-22:39:34.878623 7fe99e212cc0                Options.force_consistency_checks: 1
2023/07/03-22:39:34.878624 7fe99e212cc0                Options.report_bg_io_stats: 0
2023/07/03-22:39:34.878625 7fe99e212cc0                               Options.ttl: 2592000
2023/07/03-22:39:34.878626 7fe99e212cc0          Options.periodic_compaction_seconds: 2592000
2023/07/03-22:39:34.878627 7fe99e212cc0                    Options.enable_blob_files: false
2023/07/03-22:39:34.878627 7fe99e212cc0                        Options.min_blob_size: 0
2023/07/03-22:39:34.878628 7fe99e212cc0                       Options.blob_file_size: 268435456
2023/07/03-22:39:34.878629 7fe99e212cc0                Options.blob_compression_type: NoCompression
2023/07/03-22:39:34.878630 7fe99e212cc0       Options.enable_blob_garbage_collection: false
2023/07/03-22:39:34.878631 7fe99e212cc0   Options.blob_garbage_collection_age_cutoff: 0.250000
2023/07/03-22:39:34.878671 7fe99e212cc0 [db/column_family.cc:595] --------------- Options for column family [CES]:
2023/07/03-22:39:34.878673 7fe99e212cc0               Options.comparator: leveldb.BytewiseComparator
2023/07/03-22:39:34.878674 7fe99e212cc0           Options.merge_operator: None
2023/07/03-22:39:34.878675 7fe99e212cc0        Options.compaction_filter: filter_outdated
2023/07/03-22:39:34.878676 7fe99e212cc0        Options.compaction_filter_factory: None
2023/07/03-22:39:34.878677 7fe99e212cc0  Options.sst_partitioner_factory: None
2023/07/03-22:39:34.878678 7fe99e212cc0         Options.memtable_factory: SkipListFactory
2023/07/03-22:39:34.878678 7fe99e212cc0            Options.table_factory: BlockBasedTable
2023/07/03-22:39:34.878692 7fe99e212cc0            table_factory options:   flush_block_policy_factory: FlushBlockBySizePolicyFactory (0x5617c70be960)
  cache_index_and_filter_blocks: 0
  cache_index_and_filter_blocks_with_high_priority: 1
  pin_l0_filter_and_index_blocks_in_cache: 0
  pin_top_level_index_and_filter: 1
  index_type: 0
  data_block_index_type: 0
  index_shortening: 1
  data_block_hash_table_util_ratio: 0.750000
  hash_index_allow_collision: 1
  checksum: 1
  no_block_cache: 0
  block_cache: 0x5617c7143880
  block_cache_name: LRUCache
  block_cache_options:
    capacity : 8388608
    num_shard_bits : 4
    strict_capacity_limit : 0
    memory_allocator : None
    high_pri_pool_ratio: 0.000
  block_cache_compressed: (nil)
  persistent_cache: (nil)
  block_size: 4096
  block_size_deviation: 10
  block_restart_interval: 16
  index_block_restart_interval: 1
  metadata_block_size: 4096
  partition_filters: 0
  use_delta_encoding: 1
  filter_policy: nullptr
  whole_key_filtering: 1
  verify_compression: 0
  read_amp_bytes_per_bit: 0
  format_version: 4
  enable_index_compression: 1
  block_align: 0
2023/07/03-22:39:34.878699 7fe99e212cc0        Options.write_buffer_size: 67108864
2023/07/03-22:39:34.878701 7fe99e212cc0  Options.max_write_buffer_number: 2
2023/07/03-22:39:34.878702 7fe99e212cc0          Options.compression: NoCompression
2023/07/03-22:39:34.878702 7fe99e212cc0                  Options.bottommost_compression: Disabled
2023/07/03-22:39:34.878703 7fe99e212cc0       Options.prefix_extractor: nullptr
2023/07/03-22:39:34.878704 7fe99e212cc0   Options.memtable_insert_with_hint_prefix_extractor: nullptr
2023/07/03-22:39:34.878705 7fe99e212cc0             Options.num_levels: 7
2023/07/03-22:39:34.878706 7fe99e212cc0        Options.min_write_buffer_number_to_merge: 1
2023/07/03-22:39:34.878707 7fe99e212cc0     Options.max_write_buffer_number_to_maintain: 0
2023/07/03-22:39:34.878707 7fe99e212cc0     Options.max_write_buffer_size_to_maintain: 0
2023/07/03-22:39:34.878708 7fe99e212cc0            Options.bottommost_compression_opts.window_bits: -14
2023/07/03-22:39:34.878709 7fe99e212cc0                  Options.bottommost_compression_opts.level: 32767
2023/07/03-22:39:34.878710 7fe99e212cc0               Options.bottommost_compression_opts.strategy: 0
2023/07/03-22:39:34.878711 7fe99e212cc0         Options.bottommost_compression_opts.max_dict_bytes: 0
2023/07/03-22:39:34.878712 7fe99e212cc0         Options.bottommost_compression_opts.zstd_max_train_bytes: 0
2023/07/03-22:39:34.878713 7fe99e212cc0         Options.bottommost_compression_opts.parallel_threads: 1
2023/07/03-22:39:34.878713 7fe99e212cc0                  Options.bottommost_compression_opts.enabled: false
2023/07/03-22:39:34.878714 7fe99e212cc0            Options.compression_opts.window_bits: -14
2023/07/03-22:39:34.878715 7fe99e212cc0                  Options.compression_opts.level: 32767
2023/07/03-22:39:34.878716 7fe99e212cc0               Options.compression_opts.strategy: 0
2023/07/03-22:39:34.878717 7fe99e212cc0         Options.compression_opts.max_dict_bytes: 0
2023/07/03-22:39:34.878718 7fe99e212cc0         Options.compression_opts.zstd_max_train_bytes: 0
2023/07/03-22:39:34.878718 7fe99e212cc0         Options.compression_opts.parallel_threads: 1
2023/07/03-22:39:34.878719 7fe99e212cc0                  Options.compression_opts.enabled: false
2023/07/03-22:39:34.878720 7fe99e212cc0      Options.level0_file_num_compaction_trigger: 4
2023/07/03-22:39:34.878721 7fe99e212cc0          Options.level0_slowdown_writes_trigger: 20
2023/07/03-22:39:34.878722 7fe99e212cc0              Options.level0_stop_writes_trigger: 36
2023/07/03-22:39:34.878723 7fe99e212cc0                   Options.target_file_size_base: 67108864
2023/07/03-22:39:34.878724 7fe99e212cc0             Options.target_file_size_multiplier: 1
2023/07/03-22:39:34.878724 7fe99e212cc0                Options.max_bytes_for_level_base: 268435456
2023/07/03-22:39:34.878725 7fe99e212cc0 Options.level_compaction_dynamic_level_bytes: 0
2023/07/03-22:39:34.878726 7fe99e212cc0          Options.max_bytes_for_level_multiplier: 10.000000
2023/07/03-22:39:34.878727 7fe99e212cc0 Options.max_bytes_for_level_multiplier_addtl[0]: 1
2023/07/03-22:39:34.878728 7fe99e212cc0 Options.max_bytes_for_level_multiplier_addtl[1]: 1
2023/07/03-22:39:34.878729 7fe99e212cc0 Options.max_bytes_for_level_multiplier_addtl[2]: 1
2023/07/03-22:39:34.878730 7fe99e212cc0 Options.max_bytes_for_level_multiplier_addtl[3]: 1
2023/07/03-22:39:34.878731 7fe99e212cc0 Options.max_bytes_for_level_multiplier_addtl[4]: 1
2023/07/03-22:39:34.878732 7fe99e212cc0 Options.max_bytes_for_level_multiplier_addtl[5]: 1
2023/07/03-22:39:34.878739 7fe99e212cc0 Options.max_bytes_for_level_multiplier_addtl[6]: 1
2023/07/03-22:39:34.878740 7fe99e212cc0       Options.max_sequential_skip_in_iterations: 8
2023/07/03-22:39:34.878741 7fe99e212cc0                    Options.max_compaction_bytes: 1677721600
2023/07/03-22:39:34.878741 7fe99e212cc0                        Options.arena_block_size: 8388608
2023/07/03-22:39:34.878742 7fe99e212cc0   Options.soft_pending_compaction_bytes_limit: 68719476736
2023/07/03-22:39:34.878743 7fe99e212cc0   Options.hard_pending_compaction_bytes_limit: 274877906944
2023/07/03-22:39:34.878744 7fe99e212cc0       Options.rate_limit_delay_max_milliseconds: 100
2023/07/03-22:39:34.878745 7fe99e212cc0                Options.disable_auto_compactions: 1
2023/07/03-22:39:34.878746 7fe99e212cc0                        Options.compaction_style: kCompactionStyleLevel
2023/07/03-22:39:34.878747 7fe99e212cc0                          Options.compaction_pri: kMinOverlappingRatio
2023/07/03-22:39:34.878748 7fe99e212cc0 Options.compaction_options_universal.size_ratio: 1
2023/07/03-22:39:34.878749 7fe99e212cc0 Options.compaction_options_universal.min_merge_width: 2
2023/07/03-22:39:34.878750 7fe99e212cc0 Options.compaction_options_universal.max_merge_width: 4294967295
2023/07/03-22:39:34.878750 7fe99e212cc0 Options.compaction_options_universal.max_size_amplification_percent: 200
2023/07/03-22:39:34.878751 7fe99e212cc0 Options.compaction_options_universal.compression_size_percent: -1
2023/07/03-22:39:34.878752 7fe99e212cc0 Options.compaction_options_universal.stop_style: kCompactionStopStyleTotalSize
2023/07/03-22:39:34.878753 7fe99e212cc0 Options.compaction_options_fifo.max_table_files_size: 1073741824
2023/07/03-22:39:34.878754 7fe99e212cc0 Options.compaction_options_fifo.allow_compaction: 0
2023/07/03-22:39:34.878756 7fe99e212cc0                   Options.table_properties_collectors: 
2023/07/03-22:39:34.878757 7fe99e212cc0                   Options.inplace_update_support: 0
2023/07/03-22:39:34.878757 7fe99e212cc0                 Options.inplace_update_num_locks: 10000
2023/07/03-22:39:34.878758 7fe99e212cc0               Options.memtable_prefix_bloom_size_ratio: 0.000000
2023/07/03-22:39:34.878759 7fe99e212cc0               Options.memtable_whole_key_filtering: 0
2023/07/03-22:39:34.878760 7fe99e212cc0   Options.memtable_huge_page_size: 0
2023/07/03-22:39:34.878761 7fe99e212cc0                           Options.bloom_locality: 0
2023/07/03-22:39:34.878762 7fe99e212cc0                    Options.max_successive_merges: 0
2023/07/03-22:39:34.878763 7fe99e212cc0                Options.optimize_filters_for_hits: 0
2023/07/03-22:39:34.878764 7fe99e212cc0                Options.paranoid_file_checks: 0
2023/07/03-22:39:34.878764 7fe99e212cc0                Options.force_consistency_checks: 1
2023/07/03-22:39:34.878765 7fe99e212cc0                Options.report_bg_io_stats: 0
2023/07/03-22:39:34.878766 7fe99e212cc0                               Options.ttl: 2592000
2023/07/03-22:39:34.878767 7fe99e212cc0          Options.periodic_compaction_seconds: 2592000
2023/07/03-22:39:34.878768 7fe99e212cc0                    Options.enable_blob_files: false
2023/07/03-22:39:34.878768 7fe99e212cc0                        Options.min_blob_size: 0
2023/07/03-22:39:34.878769 7fe99e212cc0                       Options.blob_file_size: 268435456
2023/07/03-22:39:34.878770 7fe99e212cc0                Options.blob_compression_type: NoCompression
2023/07/03-22:39:34.878771 7fe99e212cc0       Options.enable_blob_garbage_collection: false
2023/07/03-22:39:34.878772 7fe99e212cc0   Options.blob_garbage_collection_age_cutoff: 0.250000
2023/07/03-22:39:34.882153 7fe99e212cc0 [db/version_set.cc:4798] Recovered from manifest file:/home/kshivara/ic-projects/dbank/.dfx/state/replicated_state/node-100/ic_consensus_pool/certification/MANIFEST-000020 succeeded,manifest_file_number is 20, next_file_number is 22, last_sequence is 9024, log_number is 12,prev_log_number is 0,max_column_family is 2,min_log_number_to_keep is 0
2023/07/03-22:39:34.882207 7fe99e212cc0 [db/version_set.cc:4813] Column family [default] (ID 0), log number is 12
2023/07/03-22:39:34.882211 7fe99e212cc0 [db/version_set.cc:4813] Column family [CE] (ID 1), log number is 12
2023/07/03-22:39:34.882212 7fe99e212cc0 [db/version_set.cc:4813] Column family [CES] (ID 2), log number is 12
2023/07/03-22:39:34.882292 7fe99e212cc0 [db/version_set.cc:4112] Creating manifest 24
2023/07/03-22:39:35.040764 7fe99e212cc0 EVENT_LOG_v1 {"time_micros": 1688404175040754, "job": 1, "event": "recovery_started", "wal_files": [21]}
2023/07/03-22:39:35.040780 7fe99e212cc0 [db/db_impl/db_impl_open.cc:847] Recovering log #21 mode 2
2023/07/03-22:39:35.040869 7fe99e212cc0 [db/version_set.cc:4112] Creating manifest 25
2023/07/03-22:39:35.296004 7fe99e212cc0 EVENT_LOG_v1 {"time_micros": 1688404175295990, "job": 1, "event": "recovery_finished"}
2023/07/03-22:39:35.296541 7fe99e212cc0 [file/delete_scheduler.cc:74] Deleted file /home/kshivara/ic-projects/dbank/.dfx/state/replicated_state/node-100/ic_consensus_pool/certification/000021.log immediately, rate_bytes_per_sec 0, total_trash_size 0 max_trash_db_ratio 0.250000
2023/07/03-22:39:35.519891 7fe99e212cc0 [db/db_impl/db_impl_open.cc:1708] SstFileManager instance 0x5617c712a850
2023/07/03-22:39:35.519968 7fe99e212cc0 DB pointer 0x5617c710cf60
2023/07/03-22:39:38.520753 7fe95eff5640 [db/db_impl/db_impl.cc:927] ------- DUMPING STATS -------
2023/07/03-22:39:38.520853 7fe95eff5640 [db/db_impl/db_impl.cc:929] 
** DB Stats **
Uptime(secs): 3.6 total, 3.6 interval
Cumulative writes: 0 writes, 0 keys, 0 commit groups, 0.0 writes per commit group, ingest: 0.00 GB, 0.00 MB/s
Cumulative WAL: 0 writes, 0 syncs, 0.00 writes per sync, written: 0.00 GB, 0.00 MB/s
Cumulative stall: 00:00:0.000 H:M:S, 0.0 percent
Interval writes: 0 writes, 0 keys, 0 commit groups, 0.0 writes per commit group, ingest: 0.00 MB, 0.00 MB/s
Interval WAL: 0 writes, 0 syncs, 0.00 writes per sync, written: 0.00 MB, 0.00 MB/s
Interval stall: 00:00:0.000 H:M:S, 0.0 percent

** Compaction Stats [default] **
Level    Files   Size     Score Read(GB)  Rn(GB) Rnp1(GB) Write(GB) Wnew(GB) Moved(GB) W-Amp Rd(MB/s) Wr(MB/s) Comp(sec) CompMergeCPU(sec) Comp(cnt) Avg(sec) KeyIn KeyDrop
----------------------------------------------------------------------------------------------------------------------------------------------------------------------------
 Sum      0/0    0.00 KB   0.0      0.0     0.0      0.0       0.0      0.0       0.0   0.0      0.0      0.0      0.00              0.00         0    0.000       0      0
 Int      0/0    0.00 KB   0.0      0.0     0.0      0.0       0.0      0.0       0.0   0.0      0.0      0.0      0.00              0.00         0    0.000       0      0

** Compaction Stats [default] **
Priority    Files   Size     Score Read(GB)  Rn(GB) Rnp1(GB) Write(GB) Wnew(GB) Moved(GB) W-Amp Rd(MB/s) Wr(MB/s) Comp(sec) CompMergeCPU(sec) Comp(cnt) Avg(sec) KeyIn KeyDrop
